500
657283104 292125824
474278798 271016456
999999717 536870912
47815202 680001536
820429476 80492019
999999839 536870912
735995894 38736626
999999939 536870912
220188275 640925003
999999938 536870912
999999683 536870912
390241800 341950154
999999167 536870912
6080075 178959333
999999851 536870912
116536223 240590912
999999995 536870912
769242040 769242040
553776860 681571520
999999628 536870912
105906212 775477331
999999847 536870912
363197832 726395664
575067496 603349504
380096489 536870912
865150395 753020252
999999611 536870912
898924620 671088640
953001460 92856320
305920758 898727936
999999779 536870912
963502982 528767764
999999229 536870912
999999622 536870912
895364288 275496704
519222326 427556864
595029876 793373168
889162164 2883584
47887075 153238640
668794608 642249400
999999457 536870912
212101095 848404380
854981788 56169960
811804006 634691584
1000000000 536870912
756980280 181278720
999999443 536870912
122411951 400204990
999999785 536870912
89524134 956792832
600312834 805306368
290204893 680525824
999999337 536870912
999999754 536870912
999999196 536870912
983012126 419709122
999999608 536870912
16272829 346549632
999999863 536870912
320646399 568433104
90526037 111049411
689527859 531331523
254822003 692459871
557697692 155942912
540701252 153192303
228321570 608857520
922145786 991513936
407818333 619382673
64526274 847249408
275084686 28694729
581522186 536870912
384317488 572007424
999999568 536870912
261668112 75841536
999999110 536870912
999999492 536870912
903714792 225928698
999999055 536870912
999999425 536870912
999999875 536870912
747949433 611828338
999999100 536870912
711857799 331973135
822838360 186170744
485628981 12189696
999999753 536870912
781536696 198554699
278689950 55193600
851192303 207496984
491086931 427246350
474756087 78520396
535188690 713584920
13782170 142740939
999999958 536870912
999999029 536870912
287991444 575982888
622817995 257146549
512791150 576634880
999999136 536870912
278147532 941659863
999999615 536870912
999999680 536870912
818459934 818459934
999999265 536870912
270463329 536870912
999999269 536870912
999999853 536870912
212633449 972410205
618942466 340978806
719667615 463596934
999999371 536870912
999999486 536870912
999999260 536870912
563250141 513536293
999999967 536870912
245519850 632483840
999999745 536870912
682818084 259417731
403409093 806818186
999999544 536870912
43150083 518174485
721293492 496374016
739316185 411737683
392366520 692729856
521065492 461410342
751804360 147858762
999999399 536870912
665160407 867995478
999999657 536870912
999999692 536870912
456519364 418458551
988847230 170024113
479351314 73746356
999999722 536870912
694321525 165163445
637270407 394060928
373954126 460251232
439360940 696118190
697151750 439091200
999999902 536870912
999999335 536870912
876241380 500709360
544628515 30833817
188202679 856618344
186354906 993892832
490378150 313842016
999999844 536870912
946388794 910773784
185000619 740002476
203025046 122826388
752059056 382140416
572351270 219305432
13612828 263743437
165450378 630889667
999999651 536870912
999999812 536870912
570740982 89645536
999999455 536870912
250276709 553011448
999999803 536870912
502822320 44154880
999999127 536870912
210128562 877910824
123690437 637534208
637918207 605831563
363467169 452724139
603581608 689807552
657686860 698926245
999999151 536870912
760150031 518767955
269501521 935329792
900607752 496878184
577327000 369489280
363263373 812408832
999999817 536870912
55349204 607649792
999999216 536870912
569499396 948198414
390795283 663827726
753687550 201850880
479220576 510200265
998828577 936640512
999999477 536870912
170878916 218017130
233575052 536870912
999999362 536870912
999999207 536870912
917001476 900910368
161871741 805306368
317232317 60942914
967067829 402112512
824763649 773550210
230943640 207626240
262317563 768291429
886914678 253249637
987852390 835315760
945649816 195288894
999999791 536870912
999999885 536870912
487297041 57096192
576762696 209567715
777339552 60967808
30461217 33554432
817841504 489762179
984305926 536870912
701354323 897624951
378777654 617611264
240804290 134791168
999999236 536870912
219690949 582031912
999999528 536870912
557233350 536870912
399487277 536870912
999999773 536870912
825609919 39943775
93117743 886380833
999999225 536870912
565486913 123730758
108995599 150667608
999999509 536870912
999999896 536870912
999999139 536870912
633345403 458259581
753614806 573758162
999999070 536870912
450183688 648386598
873628756 645922816
768357576 878122944
479058493 133833041
999999732 536870912
999999480 536870912
621244746 436404224
882215272 9448665
910575441 805306368
999999363 536870912
999999213 536870912
999999673 536870912
999999327 536870912
985442024 770143234
180942970 162529280
999999341 536870912
892434659 16777216
999999414 536870912
502352355 450563633
784280886 536870912
214521827 715045829
311998976 311998976
796323876 729808896
999999946 536870912
35973460 809738545
326263109 968854665
896110047 883373830
999999533 536870912
477342319 517840411
820808070 188256921
893356180 336948626
689063268 718389438
636267009 424178006
248741973 706478902
332694934 67108864
64260288 75497472
999999534 536870912
999999480 536870912
303672348 135561216
343592141 659158159
376836491 662035740
999999631 536870912
591615070 485294080
201643395 120563932
999999206 536870912
999999441 536870912
999999612 536870912
693580241 103505513
999999330 536870912
338579473 469588594
344635419 751896839
85000366 137722112
280037086 794343424
999999662 536870912
999999062 536870912
778954459 9496346
776359244 377014058
303818736 541065216
999999942 536870912
267876921 703475720
152633722 831366656
999999644 536870912
999999711 536870912
162273996 226492416
999999709 536870912
275266746 275266746
839977918 146765383
593242660 900814293
759853231 43245953
647389524 203071488
999999248 536870912
863838135 80478208
582219462 708132915
999999376 536870912
852642490 243612140
999999113 536870912
976198139 784575674
804115466 549453824
23597140 601882624
999999951 536870912
285575470 913841504
891341573 708720612
670030000 428819200
999999067 536870912
999999328 536870912
297018628 347398144
999999109 536870912
757352896 286961348
77654836 996052418
160809984 321619968
999999051 536870912
999999525 536870912
999999999 536870912
990964488 247489650
772296599 332583750
999999594 536870912
999999058 536870912
311785480 68994130
999999434 536870912
209460786 959136088
999999339 536870912
917867760 734294208
999999101 536870912
515317944 805306368
831296106 401720741
999999471 536870912
157798605 671088640
872952248 498829856
305147618 597950464
177769501 813911475
333307520 666615040
748478390 611816553
46338380 636485632
655415909 213914897
646365015 170041043
999999658 536870912
999999348 536870912
705995905 566350765
999999165 536870912
558086672 38426624
999999823 536870912
539769816 668604420
999999400 536870912
999999802 536870912
478361853 238972143
999999695 536870912
294638868 603979776
999999181 536870912
717722611 702116323
540280948 342409216
172517418 775715819
999999325 536870912
238902412 939524096
556038558 370692372
999999362 536870912
676841340 58598343
415557309 214209077
914961312 805306368
465172277 365835145
465390236 946703493
999999176 536870912
165364593 639325456
999999333 536870912
999999587 536870912
456076342 456076342
141004180 107752448
432490806 627851264
614095113 812725659
323119165 265265883
999999745 536870912
899748343 111989262
350540428 230867903
780943112 390471556
999999516 536870912
57196584 821035008
999999607 536870912
624157688 259390208
815694310 633831424
13081243 837199552
35109842 805056908
999999830 536870912
999999170 536870912
689048224 637534208
640961646 320480823
239774810 558021376
194491680 952631296
579835728 545727744
494602866 805306368
433815447 845227071
385279330 832552960
999999307 536870912
247805568 465853723
353124300 742705367
386270600 775857123
999999768 536870912
999999297 536870912
538892830 615877520
499914280 536870912
871032519 449113444
802457810 663224320
442539345 944083936
581643720 433520640
179030486 528320512
999999467 536870912
857302933 652882102
182359926 468975616
341757575 874899392
999999854 536870912
566638611 249249792
999999402 536870912
398911690 746706821
999999485 536870912
968029062 118035456
141373589 751876241
342021111 18559645
584767605 862628102
233695245 679215104
73137569 935204799
999999774 536870912
999999683 536870912
491015890 354267176
999999525 536870912
51162220 439877632
999999514 536870912
999999862 536870912
980361845 890623203
390022171 423165952
748396590 235536384
515622108 143044870
999999472 536870912
412135915 522951366
700442552 536870912
85757907 269845283
871563340 595591168
63072921 464666890
540352808 761004032
999999037 536870912
957125042 209195437
711195920 921853952
220300853 317070972
999999202 536870912
835213722 536870912
702792880 598999040
999999671 536870912
723831525 181667520
358703335 555617868
816618633 568541184
999999910 536870912
536690990 224339292
850477290 805306368
999999244 536870912
999999115 536870912
517173759 16777216
558385817 759554801
323016102 502763490
999999677 536870912
999999289 536870912
652517653 609820824
965693470 323821568
999999294 536870912
82511104 10313888
580183986 774986231
246010430 196808344
999999919 536870912
910585188 687639552
151113305 28133080
89478267 175609185
322440742 815712660
895199580 774496836
999999721 536870912
170624098 341248196
398081970 863813814
859768328 536870912
430601093 901779132
119933840 430548908
156121064 678408093
853274768 32698768
765264702 486539264
999999677 536870912
999999921 536870912
999999192 536870912
444227145 248554885
412884626 943736288
542450402 483393536
999999314 536870912
586849894 285212672
839567614 500854784
999999262 536870912
733179308 170840885
999999991 536870912
999999553 536870912
999999563 536870912
267161584 637534208
999999727 536870912
227897643 758884241
